1248 arge092.crn -342 1995
1245 arge092a.crn -339 1995
1242 arge092r.crn -336 1995
1004 arge091.crn 320 1993
1003 arge094r.crn 571 1993
1003 arge091a.crn 321 1993
1003 arge089a.crn 541 1993
1002 arge093.crn 311 1992
1001 arge090a.crn 573 1993
1001 arge087r.crn 891 1991
1000 arge090.crn 574 1993
999 arge093a.crn 314 1992
999 arge091r.crn 325 1993
999 arge089r.crn 545 1993
998 arge088.crn 864 1991
997 arge090r.crn 577 1993
997 arge088a.crn 865 1991
997 arge087a.crn 885 1991
996 arge094.crn 568 1993
996 arge094a.crn 568 1993
995 arge093r.crn 318 1992
995 arge089.crn 539 1993
994 arge087.crn 888 1991
994 arge030.crn 441 1543
994 arge030a.crn 441 1543
993 arge088r.crn 869 1991
989 arge030r.crn 446 1538
962 chil002.crn 1011 1972
961 chil002a.crn 1012 1972
955 chil002r.crn 1018 1972
845 chil007.crn 1131 1975
844 chil007a.crn 1132 1975
843 chil007r.crn 1133 1975
835 arge015.crn 1140 1974
743 arge119r.crn 1264 2006
743 arge119.crn 1264 2006
743 arge119a.crn 1264 2006
734 chil012.crn 1242 1975
729 arge006.crn 1246 1974
716 arge116r.crn 1291 2006
716 arge116.crn 1291 2006
716 arge116a.crn 1291 2006
669 arge013.crn 1306 1974
602 chil015.crn 1386 1987
602 chil015a.crn 1386 1987
600 chil015r.crn 1388 1987
599 arge065.crn 1385 1983
596 arge065a.crn 1388 1983
594 arge065r.crn 1390 1983
590 chil006.crn 1386 1975
585 arge018.crn 1392 1976
583 arge115r.crn 1424 2006
583 arge115.crn 1424 2006
583 arge115a.crn 1424 2006
558 arge021.crn 1418 1975
557 arge122r.crn 1450 2006
557 arge122.crn 1450 2006
557 arge122a.crn 1450 2006
536 chil009.crn 1440 1975
531 arge001.crn 1444 1974
529 arge070.crn 1461 1989
527 arge070a.crn 1463 1989
526 arge070r.crn 1464 1989
516 arge005.crn 1459 1974
498 chil017.crn 1489 1986
498 chil017a.crn 1489 1986
498 chil016.crn 1489 1986
498 chil016a.crn 1489 1986
496 chil017r.crn 1491 1986
496 chil016r.crn 1491 1986
495 arge073.crn 1497 1991
495 arge073a.crn 1497 1991
494 arge073r.crn 1498 1991
492 arge004.crn 1483 1974
489 arge003.crn 1486 1974
482 arge117r.crn 1525 2006
482 arge117.crn 1525 2006
482 arge117a.crn 1525 2006
482 arge082.crn 1508 1989
482 arge074.crn 1508 1989
482 arge074a.crn 1508 1989
481 arge074r.crn 1509 1989
476 arge082a.crn 1514 1989
475 arge082r.crn 1515 1989
459 arge060.crn 1528 1986
458 arge060a.crn 1529 1986
456 arge060r.crn 1531 1986
454 arge114r.crn 1550 2003
454 arge114.crn 1550 2003
454 arge114a.crn 1550 2003
453 arge106.crn 1539 1991
453 arge075.crn 1539 1991
450 arge106a.crn 1542 1991
449 arge106r.crn 1543 1991
449 arge075a.crn 1543 1991
448 arge096a.crn 1544 1991
448 arge075r.crn 1544 1991
446 arge096.crn 1546 1991
445 arge096r.crn 1547 1991
436 arge007.crn 1539 1974
435 arge009.crn 1540 1974
434 chil018.crn 1554 1987
434 chil018a.crn 1554 1987
433 chil018r.crn 1555 1987
432 arge008.crn 1543 1974
430 arge107.crn 1562 1991
428 arge107a.crn 1564 1991
428 arge079.crn 1562 1989
426 arge107r.crn 1566 1991
426 arge078.crn 1567 1992
424 arge079a.crn 1566 1989
423 arge079r.crn 1567 1989
420 arge108.crn 1572 1991
420 arge078a.crn 1573 1992
419 arge078r.crn 1574 1992
417 arge108a.crn 1575 1991
415 arge108r.crn 1577 1991
410 arge043.crn 1575 1984
408 chil013.crn 1568 1975
405 arge043r.crn 1580 1984
405 arge043a.crn 1580 1984
405 arge019.crn 1572 1976
403 arge076.crn 1589 1991
402 arge076a.crn 1590 1991
401 arge120r.crn 1606 2006
401 arge120.crn 1606 2006
401 arge120a.crn 1606 2006
401 arge054.crn 1589 1989
400 arge076r.crn 1592 1991
400 arge054a.crn 1590 1989
395 arge054r.crn 1595 1989
394 arge071.crn 1596 1989
392 arge062.crn 1593 1984
391 arge071a.crn 1599 1989
391 arge039.crn 1595 1985
391 arge039a.crn 1595 1985
390 arge071r.crn 1600 1989
389 arge062a.crn 1595 1983
389 arge039r.crn 1597 1985
386 arge062r.crn 1598 1983
374 arge011.crn 1601 1974
360 arge123r.crn 1647 2006
360 arge123.crn 1647 2006
360 arge123a.crn 1647 2006
360 arge020.crn 1617 1976
357 arge077.crn 1635 1991
357 arge027.crn 1626 1982
357 arge027a.crn 1626 1982
354 arge077a.crn 1638 1991
353 arge121r.crn 1654 2006
353 arge121.crn 1654 2006
353 arge121a.crn 1654 2006
353 arge077r.crn 1639 1991
351 arge027r.crn 1632 1982
348 arge066.crn 1639 1986
346 arge066a.crn 1641 1986
344 arge066r.crn 1643 1986
342 arge084.crn 1650 1991
341 arge084a.crn 1651 1991
340 arge084r.crn 1652 1991
340 arge024.crn 1647 1986
339 arge037.crn 1647 1985
339 arge037a.crn 1647 1985
339 arge024a.crn 1648 1986
337 arge037r.crn 1649 1985
336 arge024r.crn 1651 1986
335 chil011.crn 1641 1975
335 arge002.crn 1640 1974
331 arge118r.crn 1676 2006
331 arge118.crn 1676 2006
331 arge118a.crn 1676 2006
328 arge061.crn 1657 1984
327 arge061a.crn 1658 1984
327 arge052.crn 1662 1988
326 arge061r.crn 1659 1984
325 arge052a.crn 1664 1988
324 arge038.crn 1662 1985
323 arge052r.crn 1666 1988
322 arge038a.crn 1664 1985
321 arge036.crn 1664 1984
321 arge022.crn 1666 1986
320 arge038r.crn 1666 1985
320 arge036a.crn 1665 1984
319 arge022a.crn 1668 1986
318 arge036r.crn 1667 1984
317 arge022r.crn 1670 1986
314 arge083.crn 1676 1989
314 arge083a.crn 1676 1989
313 arge086.crn 1679 1991
313 arge086a.crn 1679 1991
312 chil008.crn 1664 1975
312 arge086r.crn 1680 1991
312 arge049.crn 1677 1988
311 arge083r.crn 1679 1989
310 arge049a.crn 1679 1988
308 arge049r.crn 1681 1988
295 arge050.crn 1692 1986
294 arge058.crn 1688 1981
294 arge050a.crn 1693 1986
293 arge072.crn 1700 1992
293 arge058r.crn 1689 1981
293 arge058a.crn 1689 1981
293 arge050r.crn 1694 1986
292 arge072a.crn 1701 1992
291 arge100.crn 1701 1991
291 arge072r.crn 1702 1992
290 arge100a.crn 1702 1991
288 arge100r.crn 1704 1991
287 arge017.crn 1690 1976
286 arge040.crn 1700 1985
285 arge010.crn 1690 1974
284 arge040a.crn 1702 1985
282 arge059.crn 1705 1986
282 arge040r.crn 1704 1985
280 arge059a.crn 1707 1986
279 arge063.crn 1706 1984
279 arge063a.crn 1706 1984
278 arge063r.crn 1707 1984
276 arge059r.crn 1711 1986
275 arge085.crn 1700 1974
275 arge016.crn 1700 1974
275 arge014.crn 1700 1974
274 arge099.crn 1718 1991
274 arge099a.crn 1718 1991
274 arge085a.crn 1701 1974
273 arge085r.crn 1702 1974
272 arge031.crn 1715 1986
271 arge099r.crn 1721 1991
271 arge031a.crn 1716 1986
269 arge068a.crn 1721 1989
268 arge031r.crn 1719 1986
267 arge068.crn 1723 1989
266 arge068r.crn 1724 1989
263 arge034.crn 1723 1985
261 arge051.crn 1726 1986
261 arge034a.crn 1725 1985
261 arge033.crn 1726 1986
261 arge033a.crn 1726 1986
260 arge109.crn 1750 2009
260 arge051a.crn 1727 1986
259 arge081.crn 1733 1991
258 arge081a.crn 1734 1991
258 arge012.crn 1717 1974
257 arge051r.crn 1730 1986
257 arge034r.crn 1729 1985
257 arge033r.crn 1730 1986
256 arge080a.crn 1736 1991
256 arge046.crn 1731 1986
256 arge046a.crn 1731 1986
255 arge081r.crn 1737 1991
254 arge042.crn 1729 1982
253 arge042a.crn 1730 1982
252 arge046r.crn 1735 1986
251 arge080.crn 1741 1991
250 arge109r.crn 1760 2009
250 arge109a.crn 1760 2009
250 arge080r.crn 1742 1991
250 arge042r.crn 1733 1982
248 arge055.crn 1739 1986
248 arge055a.crn 1739 1986
244 arge055r.crn 1743 1986
244 arge047.crn 1743 1986
244 arge047a.crn 1743 1986
243 chil010.crn 1733 1975
241 arge028.crn 1734 1974
241 arge028a.crn 1734 1974
239 arge047r.crn 1748 1986
239 arge028r.crn 1736 1974
236 arge026.crn 1751 1986
235 arge026a.crn 1752 1986
234 arge023.crn 1755 1988
234 arge023a.crn 1755 1988
232 arge026r.crn 1755 1986
232 arge023r.crn 1757 1988
220 arge067.crn 1766 1985
220 arge067a.crn 1766 1985
220 arge029.crn 1766 1985
220 arge029a.crn 1766 1985
219 arge067r.crn 1767 1985
219 arge048.crn 1768 1986
219 arge029r.crn 1767 1985
218 arge056.crn 1765 1982
218 arge056a.crn 1765 1982
218 arge048a.crn 1769 1986
217 arge056r.crn 1766 1982
217 arge048r.crn 1770 1986
200 arge041.crn 1783 1982
200 arge041a.crn 1783 1982
198 arge041r.crn 1785 1982
184 arge103.crn 1808 1991
184 arge103a.crn 1808 1991
182 arge103r.crn 1810 1991
180 chil001.crn 1796 1975
178 arge097.crn 1814 1991
178 arge097a.crn 1814 1991
175 arge097r.crn 1817 1991
173 arge104a.crn 1819 1991
173 arge035.crn 1813 1985
173 arge035a.crn 1813 1985
172 arge105.crn 1820 1991
172 arge104.crn 1820 1991
172 arge035r.crn 1814 1985
172 arge032.crn 1810 1981
172 arge032a.crn 1810 1981
171 arge104r.crn 1821 1991
171 arge032r.crn 1811 1981
169 arge105a.crn 1823 1991
167 arge105r.crn 1825 1991
167 arge069.crn 1823 1989
167 arge069a.crn 1823 1989
166 arge069r.crn 1824 1989
163 arge064.crn 1820 1982
163 arge064a.crn 1820 1982
162 arge064r.crn 1821 1982
155 arge025.crn 1831 1985
155 arge025a.crn 1831 1985
154 arge045.crn 1826 1979
154 arge045a.crn 1826 1979
154 arge025r.crn 1832 1985
151 arge045r.crn 1829 1979
142 arge098.crn 1850 1991
142 arge098a.crn 1850 1991
139 arge098r.crn 1853 1991
133 arge044.crn 1849 1981
132 arge057.crn 1850 1981
132 arge057a.crn 1850 1981
132 arge044r.crn 1850 1981
132 arge044a.crn 1850 1981
131 arge101.crn 1861 1991
130 arge101a.crn 1862 1991
129 arge101r.crn 1863 1991
129 arge057r.crn 1853 1981
124 arge053.crn 1858 1981
123 arge053a.crn 1859 1981
122 arge053r.crn 1860 1981
115 arge095a.crn 1877 1991
114 arge095.crn 1878 1991
112 arge095r.crn 1880 1991
108 chil014.crn 1868 1975
102 arge102.crn 1890 1991
102 arge102a.crn 1890 1991
101 arge102r.crn 1891 1991
