25 arge123r.crn 1982 2006
25 arge123.crn 1982 2006
25 arge123a.crn 1982 2006
25 arge122r.crn 1982 2006
25 arge122.crn 1982 2006
25 arge122a.crn 1982 2006
25 arge121r.crn 1982 2006
25 arge121.crn 1982 2006
25 arge121a.crn 1982 2006
25 arge120r.crn 1982 2006
25 arge120.crn 1982 2006
25 arge120a.crn 1982 2006
25 arge119r.crn 1982 2006
25 arge119.crn 1982 2006
25 arge119a.crn 1982 2006
25 arge118r.crn 1982 2006
25 arge118.crn 1982 2006
25 arge118a.crn 1982 2006
25 arge117r.crn 1982 2006
25 arge117.crn 1982 2006
25 arge117a.crn 1982 2006
25 arge116r.crn 1982 2006
25 arge116.crn 1982 2006
25 arge116a.crn 1982 2006
25 arge115r.crn 1982 2006
25 arge115.crn 1982 2006
25 arge115a.crn 1982 2006
23 arge109r.crn 1982 2004
23 arge109.crn 1982 2004
23 arge109a.crn 1982 2004
22 arge114r.crn 1982 2003
22 arge114.crn 1982 2003
22 arge114a.crn 1982 2003
14 arge092r.crn 1982 1995
14 arge092.crn 1982 1995
14 arge092a.crn 1982 1995
12 arge094r.crn 1982 1993
12 arge094.crn 1982 1993
12 arge094a.crn 1982 1993
12 arge091r.crn 1982 1993
12 arge091.crn 1982 1993
12 arge091a.crn 1982 1993
12 arge090r.crn 1982 1993
12 arge090.crn 1982 1993
12 arge090a.crn 1982 1993
12 arge089r.crn 1982 1993
12 arge089.crn 1982 1993
12 arge089a.crn 1982 1993
11 arge093r.crn 1982 1992
11 arge093.crn 1982 1992
11 arge093a.crn 1982 1992
11 arge078r.crn 1982 1992
11 arge078.crn 1982 1992
11 arge078a.crn 1982 1992
11 arge072r.crn 1982 1992
11 arge072.crn 1982 1992
11 arge072a.crn 1982 1992
10 arge108r.crn 1982 1991
10 arge108.crn 1982 1991
10 arge108a.crn 1982 1991
10 arge107r.crn 1982 1991
10 arge107.crn 1982 1991
10 arge107a.crn 1982 1991
10 arge106r.crn 1982 1991
10 arge106.crn 1982 1991
10 arge106a.crn 1982 1991
10 arge105r.crn 1982 1991
10 arge105.crn 1982 1991
10 arge105a.crn 1982 1991
10 arge104r.crn 1982 1991
10 arge104.crn 1982 1991
10 arge104a.crn 1982 1991
10 arge103r.crn 1982 1991
10 arge103.crn 1982 1991
10 arge103a.crn 1982 1991
10 arge102r.crn 1982 1991
10 arge102.crn 1982 1991
10 arge102a.crn 1982 1991
10 arge101r.crn 1982 1991
10 arge101.crn 1982 1991
10 arge101a.crn 1982 1991
10 arge100r.crn 1982 1991
10 arge100.crn 1982 1991
10 arge100a.crn 1982 1991
10 arge099r.crn 1982 1991
10 arge099.crn 1982 1991
10 arge099a.crn 1982 1991
10 arge098r.crn 1982 1991
10 arge098.crn 1982 1991
10 arge098a.crn 1982 1991
10 arge097r.crn 1982 1991
10 arge097.crn 1982 1991
10 arge097a.crn 1982 1991
10 arge096r.crn 1982 1991
10 arge096.crn 1982 1991
10 arge096a.crn 1982 1991
10 arge095r.crn 1982 1991
10 arge095.crn 1982 1991
10 arge095a.crn 1982 1991
10 arge088r.crn 1982 1991
10 arge088.crn 1982 1991
10 arge088a.crn 1982 1991
10 arge087r.crn 1982 1991
10 arge087.crn 1982 1991
10 arge087a.crn 1982 1991
10 arge086r.crn 1982 1991
10 arge086.crn 1982 1991
10 arge086a.crn 1982 1991
10 arge084r.crn 1982 1991
10 arge084.crn 1982 1991
10 arge084a.crn 1982 1991
10 arge081r.crn 1982 1991
10 arge081.crn 1982 1991
10 arge081a.crn 1982 1991
10 arge080r.crn 1982 1991
10 arge080.crn 1982 1991
10 arge080a.crn 1982 1991
10 arge077r.crn 1982 1991
10 arge077.crn 1982 1991
10 arge077a.crn 1982 1991
10 arge076r.crn 1982 1991
10 arge076.crn 1982 1991
10 arge076a.crn 1982 1991
10 arge075r.crn 1982 1991
10 arge075.crn 1982 1991
10 arge075a.crn 1982 1991
10 arge073r.crn 1982 1991
10 arge073.crn 1982 1991
10 arge073a.crn 1982 1991
8 arge083r.crn 1982 1989
8 arge083.crn 1982 1989
8 arge083a.crn 1982 1989
8 arge082r.crn 1982 1989
8 arge082.crn 1982 1989
8 arge082a.crn 1982 1989
8 arge079r.crn 1982 1989
8 arge079.crn 1982 1989
8 arge079a.crn 1982 1989
8 arge074r.crn 1982 1989
8 arge074.crn 1982 1989
8 arge074a.crn 1982 1989
8 arge071r.crn 1982 1989
8 arge071.crn 1982 1989
8 arge071a.crn 1982 1989
8 arge070r.crn 1982 1989
8 arge070.crn 1982 1989
8 arge070a.crn 1982 1989
8 arge069r.crn 1982 1989
8 arge069.crn 1982 1989
8 arge069a.crn 1982 1989
8 arge068r.crn 1982 1989
8 arge068.crn 1982 1989
8 arge068a.crn 1982 1989
8 arge054r.crn 1982 1989
8 arge054.crn 1982 1989
8 arge054a.crn 1982 1989
7 arge052r.crn 1982 1988
7 arge052.crn 1982 1988
7 arge052a.crn 1982 1988
7 arge049r.crn 1982 1988
7 arge049.crn 1982 1988
7 arge049a.crn 1982 1988
7 arge023r.crn 1982 1988
7 arge023.crn 1982 1988
7 arge023a.crn 1982 1988
6 chil018r.crn 1982 1987
6 chil018.crn 1982 1987
6 chil018a.crn 1982 1987
6 chil015r.crn 1982 1987
6 chil015.crn 1982 1987
6 chil015a.crn 1982 1987
5 chil017r.crn 1982 1986
5 chil017.crn 1982 1986
5 chil017a.crn 1982 1986
5 chil016r.crn 1982 1986
5 chil016.crn 1982 1986
5 chil016a.crn 1982 1986
5 arge066r.crn 1982 1986
5 arge066.crn 1982 1986
5 arge066a.crn 1982 1986
5 arge060r.crn 1982 1986
5 arge060.crn 1982 1986
5 arge060a.crn 1982 1986
5 arge059r.crn 1982 1986
5 arge059.crn 1982 1986
5 arge059a.crn 1982 1986
5 arge055r.crn 1982 1986
5 arge055.crn 1982 1986
5 arge055a.crn 1982 1986
5 arge051r.crn 1982 1986
5 arge051.crn 1982 1986
5 arge051a.crn 1982 1986
5 arge050r.crn 1982 1986
5 arge050.crn 1982 1986
5 arge050a.crn 1982 1986
5 arge048r.crn 1982 1986
5 arge048.crn 1982 1986
5 arge048a.crn 1982 1986
5 arge047r.crn 1982 1986
5 arge047.crn 1982 1986
5 arge047a.crn 1982 1986
5 arge046r.crn 1982 1986
5 arge046.crn 1982 1986
5 arge046a.crn 1982 1986
5 arge033r.crn 1982 1986
5 arge033.crn 1982 1986
5 arge033a.crn 1982 1986
5 arge031r.crn 1982 1986
5 arge031.crn 1982 1986
5 arge031a.crn 1982 1986
5 arge026r.crn 1982 1986
5 arge026.crn 1982 1986
5 arge026a.crn 1982 1986
5 arge024r.crn 1982 1986
5 arge024.crn 1982 1986
5 arge024a.crn 1982 1986
5 arge022r.crn 1982 1986
5 arge022.crn 1982 1986
5 arge022a.crn 1982 1986
4 arge067r.crn 1982 1985
4 arge067.crn 1982 1985
4 arge067a.crn 1982 1985
4 arge040r.crn 1982 1985
4 arge040.crn 1982 1985
4 arge040a.crn 1982 1985
4 arge039r.crn 1982 1985
4 arge039.crn 1982 1985
4 arge039a.crn 1982 1985
4 arge038r.crn 1982 1985
4 arge038.crn 1982 1985
4 arge038a.crn 1982 1985
4 arge037r.crn 1982 1985
4 arge037.crn 1982 1985
4 arge037a.crn 1982 1985
4 arge035r.crn 1982 1985
4 arge035.crn 1982 1985
4 arge035a.crn 1982 1985
4 arge034r.crn 1982 1985
4 arge034.crn 1982 1985
4 arge034a.crn 1982 1985
4 arge029r.crn 1982 1985
4 arge029.crn 1982 1985
4 arge029a.crn 1982 1985
4 arge025r.crn 1982 1985
4 arge025.crn 1982 1985
4 arge025a.crn 1982 1985
3 arge063r.crn 1982 1984
3 arge063.crn 1982 1984
3 arge063a.crn 1982 1984
3 arge062.crn 1982 1984
3 arge061r.crn 1982 1984
3 arge061.crn 1982 1984
3 arge061a.crn 1982 1984
3 arge043r.crn 1982 1984
3 arge043.crn 1982 1984
3 arge043a.crn 1982 1984
3 arge036r.crn 1982 1984
3 arge036.crn 1982 1984
3 arge036a.crn 1982 1984
2 arge065r.crn 1982 1983
2 arge065.crn 1982 1983
2 arge065a.crn 1982 1983
2 arge062r.crn 1982 1983
2 arge062a.crn 1982 1983
1 arge064r.crn 1982 1982
1 arge064.crn 1982 1982
1 arge064a.crn 1982 1982
1 arge056r.crn 1982 1982
1 arge056.crn 1982 1982
1 arge056a.crn 1982 1982
1 arge042r.crn 1982 1982
1 arge042.crn 1982 1982
1 arge042a.crn 1982 1982
1 arge041r.crn 1982 1982
1 arge041.crn 1982 1982
1 arge041a.crn 1982 1982
1 arge027r.crn 1982 1982
1 arge027.crn 1982 1982
1 arge027a.crn 1982 1982
0 stats.txt
0 chil014.crn
0 chil013.crn
0 chil012.crn
0 chil011.crn
0 chil010.crn
0 chil009.crn
0 chil008.crn
0 chil007r.crn
0 chil007.crn
0 chil007a.crn
0 chil006.crn
0 chil002r.crn
0 chil002.crn
0 chil002a.crn
0 chil001.crn
0 arge085r.crn
0 arge085.crn
0 arge085a.crn
0 arge058r.crn
0 arge058.crn
0 arge058a.crn
0 arge057r.crn
0 arge057.crn
0 arge057a.crn
0 arge053r.crn
0 arge053.crn
0 arge053a.crn
0 arge045r.crn
0 arge045.crn
0 arge045a.crn
0 arge044r.crn
0 arge044.crn
0 arge044a.crn
0 arge032r.crn
0 arge032.crn
0 arge032a.crn
0 arge030r.crn
0 arge030.crn
0 arge030a.crn
0 arge028r.crn
0 arge028.crn
0 arge028a.crn
0 arge021.crn
0 arge020.crn
0 arge019.crn
0 arge018.crn
0 arge017.crn
0 arge016.crn
0 arge015.crn
0 arge014.crn
0 arge013.crn
0 arge012.crn
0 arge011.crn
0 arge010.crn
0 arge009.crn
0 arge008.crn
0 arge007.crn
0 arge006.crn
0 arge005.crn
0 arge004.crn
0 arge003.crn
0 arge002.crn
0 arge001.crn
